0.0782143 2.33735e-06
1.37687
1.29024
1.16361
1.07699
1.06036
1.04373
1.03711
0.980482
0.853855
0.847229
0.680602
0.633976
0.537349
0.450723
0.324096
0.34747
0.340843
0.324217
0.30759
0.260964
0.244337
0.157711
0.101084
0.124458
0.117831
0.101205
0.0445783
0.0379518
0.0486747
0.0653012
0.0819277
0.0985542
0.105181
0.0818072
0.0584337
0.15506
0.131687
0.108313
0.0849398
0.0615663
0.0381928
0.0448193
0.0214458
0.0380723
0.0146988
0.0313253
0.0379518
0.0945783
0.141205
0.117831
0.0944578
0.0710843
0.0477108
0.0643373
0.0409639
0.0975904
0.0742169
0.0808434
0.0974699
0.0740964
0.0907229
0.0673494
0.0439759
0.0906024
0.0672289
0.0838554
0.0604819
0.0371084
0.0137349
0.0603614
0.036988
0.0136145
0.030241
0.00686747
0.016506
0.0398795
0.046747
0.0233735
-9.65256e-14
0.0166265
0.033253
0.00987952
0.016506
0.00686747
0.030241
0.0263855
0.073012
0.0896386
0.106265
0.0828916
0.0595181
0.0661446
0.0827711
0.0593976
0.0360241
0.0126506
0.0292771
0.00590361
0.0174699
0.000843373
0.00578313
0.0175904
0.000963855
0.0243373
0.0477108
0.0310843
0.0144578
0.0378313
0.0612048
0.0845783
0.0779518
0.0613253
0.0846988
0.108072
0.131446
0.154819
0.178193
0.131566
0.0749398
0.0983133
0.0516867
0.0350602
0.0215663
0.0281928
0.00481928
0.0185542
0.0419277
0.0653012
0.0086747
0.00204819
0.0254217
0.0487952
0.00783133
0.0155422
0.0389157
0.0222892
0.0456627
0.0390361
0.0624096
0.0857831
0.109157
0.0525301
0.0459036
0.0292771
0.0526506
0.0760241
0.0993976
0.122771
0.106145
0.129518
0.152892
0.136265
0.159639
0.073012
0.0563855
0.00975904
0.00686747
0.013494
0.0301205
0.00674699
0.0233735
-1.29087e-12
0.0166265
0.00674699
0.0301205
0.023494
0.0468675
0.070241
0.0936145
0.036988
0.0203614
0.0437349
0.0671084
0.0904819
0.113855
0.0272289
0.0193976
0.0039759
0.0126506
0.289277
0.415904
0.42253
0.439157
0.415783
0.47241
0.449036
0.455663
0.512289
0.488916
0.535542
0.512169
0.528795
0.545422
0.592048
0.758675
0.735301
0.741928
0.798554
1.59518
1.83181
