0.0715656 3.08633e-06
2.10719
1.90806
1.63892
0.889784
0.810647
0.801511
0.802374
0.683237
0.674101
0.704964
0.395827
0.356691
0.317554
0.308417
0.339281
0.330144
0.251007
0.201871
0.202734
0.233597
0.22446
0.255324
0.176187
0.20705
0.237914
0.00877698
-0.000359712
0.0305036
0.0486331
0.0577698
0.0269065
0.0360432
0.00517986
0.00431655
0.0134532
0.0174101
0.00827338
-0.000863309
-1.8687e-16
0.00913669
0.0482734
0.0574101
0.0265468
0.0756835
0.0748201
0.123957
0.0930935
0.0622302
0.0613669
0.0705036
0.0396403
0.00877698
0.0220863
0.0129496
0.00381295
0.00467626
0.0355396
0.0535971
0.0527338
0.0618705
0.0710072
0.110144
0.0792806
0.128417
0.207554
0.176691
0.145827
0.154964
0.124101
0.0932374
0.0623741
0.0315108
0.000647482
0.0302158
0.0310791
0.0480576
0.0571942
0.0663309
0.0354676
0.0746043
0.163741
0.162878
0.132014
0.181151
0.180288
0.189424
0.158561
0.127698
0.136835
0.105971
0.115108
0.114245
0.123381
0.092518
0.0616547
0.0707914
0.0399281
0.119065
0.0882014
0.0573381
0.136475
0.105612
0.114748
0.0838849
0.123022
0.132158
0.141295
0.110432
0.0795683
0.048705
0.0178417
0.0169784
0.0261151
0.0047482
0.00438849
0.0264748
0.0173381
0.0217986
0.00906475
7.19424e-05
0.0307914
0.0616547
0.022518
0.0533813
0.0442446
0.0751079
0.105971
0.0968345
0.127698
0.158561
0.189424
0.220288
0.221151
0.172014
0.162878
0.163741
0.194604
0.105468
0.106331
0.0971942
0.0880576
0.118921
0.0797842
0.110647
0.101511
0.132374
0.163237
0.194101
0.114964
0.145827
0.136691
0.057554
0.0484173
0.0492806
0.0401439
0.0710072
0.101871
0.0927338
0.123597
0.15446
0.145324
0.176187
0.0970504
0.0220863
0.00877698
0.00964029
0.0405036
0.0313669
0.0222302
0.0530935
0.0839568
0.0448201
0.0356835
0.0665468
0.0274101
0.0182734
0.0491367
-1.08318e-13
0.0308633
0.00827338
0.0574101
0.136547
0.215683
0.22482
0.373957
0.423094
0.54223
0.511367
0.550504
0.62964
0.678777
0.647914
0.76705
0.806187
0.885324
0.93446
0.933597
1.16273
1.54187
2.41101
